# Time   PotentialEnergy   KineticEnergy   TotalEnergy
0	0	0	0
0.01	-0.962361	0.00481181	-0.957549
0.02	-1.92472	0.0192472	-1.90547
0.03	-2.88708	0.0433062	-2.84378
0.04	-3.84944	0.0769889	-3.77246
0.05	-4.81181	0.120295	-4.69151
0.06	-5.77417	0.173225	-5.60094
0.07	-6.73653	0.235778	-6.50075
0.08	-7.69889	0.307956	-7.39093
0.09	-8.66125	0.389756	-8.27149
0.1	-9.62361	0.48118	-9.14243
0.11	-10.586	0.582228	-10.0037
0.12	-11.5483	0.6929	-10.8554
0.13	-12.5107	0.813195	-11.6975
0.14	-13.4731	0.943114	-12.5299
0.15	-14.4354	1.08266	-13.3528
0.16	-15.3978	1.23182	-14.166
0.17	-16.3601	1.39061	-14.9695
0.18	-17.3225	1.55902	-15.7635
0.19	-18.2849	1.73706	-16.5478
0.2	-19.2472	1.92472	-17.3225
0.21	-20.2096	2.12201	-18.0876
0.22	-21.1719	2.32891	-18.843
0.23	-22.1343	2.54544	-19.5889
0.24	-23.0967	2.7716	-20.3251
0.25	-24.059	3.00738	-21.0516
0.26	-25.0214	3.25278	-21.7686
0.27	-25.9837	3.50781	-22.4759
0.28	-26.9461	3.77246	-23.1737
0.29	-27.9085	4.04673	-23.8617
0.3	-28.8708	4.33062	-24.5402
0.31	-29.8332	4.62414	-25.209
0.32	-30.7956	4.92729	-25.8683
0.33	-31.7579	5.24006	-26.5179
0.34	-32.7203	5.56245	-27.1578
0.35	-33.6826	5.89446	-27.7882
0.36	-34.645	6.2361	-28.4089
0.37	-35.6074	6.58736	-29.02
0.38	-36.5697	6.94825	-29.6215
0.39	-37.5321	7.31876	-30.2133
0.4	-38.4944	7.69889	-30.7956
0.41	-39.4568	8.08864	-31.3682
0.42	-40.4192	8.48802	-31.9311
0.43	-41.3815	8.89703	-32.4845
0.44	-42.3439	9.31565	-33.0282
0.45	-43.3062	9.74391	-33.5623
0.46	-44.2686	10.1818	-34.0868
0.47	-45.231	10.6293	-34.6017
0.48	-46.1933	11.0864	-35.1069
0.49	-47.1557	11.5531	-35.6025
0.5	-48.118	12.0295	-36.0885
0.51	-49.0804	12.5155	-36.5649
0.52	-50.0428	13.0111	-37.0317
0.53	-51.0051	13.5164	-37.4888
0.54	-51.9675	14.0312	-37.9363
0.55	-52.9299	14.5557	-38.3741
0.56	-53.8922	15.0898	-38.8024
0.57	-54.8546	15.6336	-39.221
0.58	-55.8169	16.1869	-39.63
0.59	-56.7793	16.7499	-40.0294
0.6	-57.7417	17.3225	-40.4192
0.61	-58.704	17.9047	-40.7993
0.62	-59.6664	18.4966	-41.1698
0.63	-60.6287	19.0981	-41.5307
0.64	-61.5911	19.7092	-41.882
0.65	-62.5535	20.3299	-42.2236
0.66	-63.5158	20.9602	-42.5556
0.67	-64.4782	21.6002	-42.878
0.68	-65.4405	22.2498	-43.1908
0.69	-66.4029	22.909	-43.4939
0.7	-67.3653	23.5778	-43.7874
0.71	-68.3276	24.2563	-44.0713
0.72	-69.29	24.9444	-44.3456
0.73	-70.2524	25.6421	-44.6102
0.74	-71.2147	26.3494	-44.8653
0.75	-72.1771	27.0664	-45.1107
0.76	-73.1394	27.793	-45.3465
0.77	-74.1018	28.5292	-45.5726
0.78	-75.0642	29.275	-45.7891
0.79	-76.0265	30.0305	-45.996
0.8	-76.9889	30.7956	-46.1933
0.81	-77.9512	31.5703	-46.381
0.82	-78.9136	32.3546	-46.559
0.83	-79.876	33.1485	-46.7274
0.84	-80.8383	33.9521	-46.8862
0.85	-81.8007	34.7653	-47.0354
0.86	-82.763	35.5881	-47.1749
0.87	-83.7254	36.4206	-47.3049
0.88	-84.6878	37.2626	-47.4252
0.89	-85.6501	38.1143	-47.5358
0.9	-86.6125	38.9756	-47.6369
0.91	-87.5749	39.8466	-47.7283
0.92	-88.5372	40.7271	-47.8101
0.93	-89.4996	41.6173	-47.8823
0.94	-90.4619	42.5171	-47.9448
0.95	-91.4243	43.4265	-47.9978
0.96	-92.3867	44.3456	-48.0411
0.97	-93.349	45.2743	-48.0747
0.98	-94.3114	46.2126	-48.0988
0.99	-95.2737	47.1605	-48.1132
1	-96.2361	48.118	-48.1181
1.01	-97.1985	49.0852	-48.1132
1.02	-98.1608	50.062	-48.0988
1.03	-99.1232	51.0484	-48.0747
1.04	-100.086	52.0445	-48.0411
1.05	-101.048	53.0502	-47.9978
1.06	-102.01	54.0654	-47.9448
1.07	-102.973	55.0904	-47.8823
1.08	-103.935	56.1249	-47.8101
1.09	-104.897	57.1691	-47.7283
1.1	-105.86	58.2228	-47.6369
1.11	-106.822	59.2862	-47.5358
1.12	-107.784	60.3593	-47.4252
1.13	-108.747	61.4419	-47.3049
1.14	-109.709	62.5342	-47.1749
1.15	-110.672	63.6361	-47.0354
1.16	-111.634	64.7476	-46.8862
1.17	-112.596	65.8688	-46.7274
1.18	-113.559	66.9996	-46.559
1.19	-114.521	68.14	-46.381
1.2	-115.483	69.29	-46.1933
1.21	-116.446	70.4496	-45.996
1.22	-117.408	71.6189	-45.7891
1.23	-118.37	72.7978	-45.5726
1.24	-119.333	73.9863	-45.3465
1.25	-120.295	75.1845	-45.1107
1.26	-121.257	76.3922	-44.8653
1.27	-122.22	77.6096	-44.6102
1.28	-123.182	78.8366	-44.3456
1.29	-124.145	80.0732	-44.0713
1.3	-125.107	81.3195	-43.7874
1.31	-126.069	82.5754	-43.4939
1.32	-127.032	83.8409	-43.1908
1.33	-127.994	85.116	-42.878
1.34	-128.956	86.4008	-42.5556
1.35	-129.919	87.6951	-42.2236
1.36	-130.881	88.9991	-41.882
1.37	-131.843	90.3128	-41.5307
1.38	-132.806	91.636	-41.1698
1.39	-133.768	92.9689	-40.7993
1.4	-134.731	94.3114	-40.4192
1.41	-135.693	95.6635	-40.0294
1.42	-136.655	97.0252	-39.63
1.43	-137.618	98.3966	-39.221
1.44	-138.58	99.7776	-38.8024
1.45	-139.542	101.168	-38.3741
1.46	-140.505	102.568	-37.9363
1.47	-141.467	103.978	-37.4888
1.48	-142.429	105.398	-37.0317
1.49	-143.392	106.827	-36.5649
1.5	-144.354	108.266	-36.0885
1.51	-145.317	109.714	-35.6025
1.52	-146.279	111.172	-35.1069
1.53	-147.241	112.64	-34.6017
1.54	-148.204	114.117	-34.0868
1.55	-149.166	115.604	-33.5623
1.56	-150.128	117.1	-33.0282
1.57	-151.091	118.606	-32.4845
1.58	-152.053	120.122	-31.9311
1.59	-153.015	121.647	-31.3682
1.6	-153.978	123.182	-30.7956
1.61	-154.94	124.727	-30.2133
1.62	-155.902	126.281	-29.6215
1.63	-156.865	127.845	-29.02
1.64	-157.827	129.418	-28.4089
1.65	-158.79	131.001	-27.7882
1.66	-159.752	132.594	-27.1578
1.67	-160.714	134.196	-26.5179
1.68	-161.677	135.808	-25.8683
1.69	-162.639	137.43	-25.209
1.7	-163.601	139.061	-24.5402
1.71	-164.564	140.702	-23.8617
1.72	-165.526	142.352	-23.1737
1.73	-166.488	144.013	-22.4759
1.74	-167.451	145.682	-21.7686
1.75	-168.413	147.362	-21.0516
1.76	-169.376	149.05	-20.3251
1.77	-170.338	150.749	-19.5889
1.78	-171.3	152.457	-18.843
1.79	-172.263	154.175	-18.0876
1.8	-173.225	155.902	-17.3225
1.81	-174.187	157.64	-16.5478
1.82	-175.15	159.386	-15.7635
1.83	-176.112	161.143	-14.9695
1.84	-177.074	162.908	-14.166
1.85	-178.037	164.684	-13.3528
1.86	-178.999	166.469	-12.5299
1.87	-179.962	168.264	-11.6975
1.88	-180.924	170.068	-10.8554
1.89	-181.886	171.882	-10.0037
1.9	-182.849	173.706	-9.14243
1.91	-183.811	175.539	-8.27149
1.92	-184.773	177.382	-7.39093
1.93	-185.736	179.235	-6.50075
1.94	-186.698	181.097	-5.60094
1.95	-187.66	182.969	-4.69151
1.96	-188.623	184.85	-3.77246
1.97	-189.585	186.741	-2.84378
1.98	-190.547	188.642	-1.90547
1.99	-191.51	190.552	-0.957549
2	-192.472	192.472	-1.7053e-13
2.01	-193.435	194.402	0.967173
2.02	-194.397	196.341	1.94397
2.03	-195.359	198.29	2.93039
2.04	-196.322	200.248	3.92643
2.05	-197.284	202.216	4.9321
2.06	-198.246	204.194	5.94739
2.07	-199.209	206.181	6.97231
2.08	-200.171	208.178	8.00684
2.09	-201.133	210.184	9.05101
2.1	-202.096	212.201	10.1048
2.11	-203.058	214.226	11.1682
2.12	-204.021	216.262	12.2412
2.13	-204.983	218.307	13.3239
2.14	-205.945	220.361	14.4162
2.15	-206.908	222.426	15.5181
2.16	-207.87	224.5	16.6296
2.17	-208.832	226.583	17.7507
2.18	-209.795	228.676	18.8815
2.19	-210.757	230.779	20.0219
2.2	-211.719	232.891	21.1719
2.21	-212.682	235.013	22.3316
2.22	-213.644	237.145	23.5009
2.23	-214.607	239.286	24.6797
2.24	-215.569	241.437	25.8683
2.25	-216.531	243.598	27.0664
2.26	-217.494	245.768	28.2742
2.27	-218.456	247.947	29.4916
2.28	-219.418	250.137	30.7186
2.29	-220.381	252.336	31.9552
2.3	-221.343	254.544	33.2015
2.31	-222.305	256.763	34.4573
2.32	-223.268	258.991	35.7228
2.33	-224.23	261.228	36.998
2.34	-225.192	263.475	38.2827
2.35	-226.155	265.732	39.5771
2.36	-227.117	267.998	40.8811
2.37	-228.08	270.274	42.1947
2.38	-229.042	272.56	43.518
2.39	-230.004	274.855	44.8508
